25.85102134403422
6.21573448821774
6.7481558288137045
11.657533102585228
4.994552539282961
-3.992148930798118
-8.0006234602222
0.7004467531765126
13.552194244410554
-0.2625307479039378
23.32641551982579
7.257133189599896
3.0034170698762157
3.2340190625814915
6.561682708540901
15.577409207732734
13.339140552395854
10.30709648044476
9.035762533492552
-0.9550535915429919
12.442390668462577
16.6061706718924
7.302802460600905
20.61577932183547
22.693342375366097
4.701887569401592
4.517862919722261
7.0126694343308955
2.6893954679185708
7.1638779073208605
8.136097199594374
15.405848954935447
