0.4365453920049104
1.0931560345298876
6.663138386227194
0.5956448243466386
1.3152628505618693
4.407854989753294
2.1772934496103473
0.7815238552938111
0.32102015267335915
1.3073723213543966
1.3566000635283095
1.3573510002135227
1.1538720234179978
0.5096384686345847
0.615422478037833
3.616259056019624
1.1390755494299158
0.030234894482792443
6.525479707664662
0.41476316843703626
1.4264833826291223
0.2380550393778601
1.3060875467780109
0.388351716199358
0.08654762572029304
0.7750007079276376
1.2094048416380345
5.685764656056545
0.5838695631125626
0.36396014947526145
2.407929490308224
1.1446699561500815
