-10.08355660150384
0.8667710790986511
-2.1873113973329517
-3.83333150130092
-5.056067084280662
-5.92803751369147
-2.8199373311756575
1.5165269916206414
-8.501406925875088
0.751129703460657
-7.370461777450577
-3.808614546244436
-4.418028803610147
-2.093160929554602
-4.580673830760152
-5.019405028957735
1.6194455936033139
1.2966822246897656
1.5141483248060208
0.14409061022746394
0.7910881892967248
-6.49251459520243
-3.0408270524337944
-3.089298013056167
-0.7842587740954523
-7.9411205133227805
3.340711269943469
5.320642941451282
-3.9904410510140704
-4.656366436607992
-5.376068851418779
0.8087434061068266
-0.2810509914235464
-4.485877913286561
-5.720755936549439
-4.043995403834558
-5.247562920186059
-9.34673075940957
0.6647053055244809
-9.783182499875013
-0.4220618315352427
-4.038336393794722
-5.768211156663755
-5.85628809272254
-7.040329912263189
0.17073038004086616
0.812976848973959
-5.082628110063034
-6.8866414882739475
-4.415558079231055
-5.581408291447226
-3.682165265839733
-3.4585889506669965
-10.197160246887847
-2.420865126407939
-3.3404033034501146
-5.717389701701386
-0.0998714375876828
-2.1022121790330823
-0.6559749667396133
-3.023311387601801
-9.934772381354026
-9.20119726570545
-1.5403242058962507
-6.131259374863364
0.0958473596067626
-2.9978860436036556
2.1672764485043627
-2.446577304827792
-3.3598622665804934
-3.2895322750084666
1.7233199207011332
-0.9587018915835126
-4.955173897976009
-3.21988814880857
-0.7747812048271925
-6.401942169386296
-1.3842248748590584
-1.6194500915545236
-3.755193900512448
0.05779362859633608
1.6903078849110793
1.4410854122423968
-6.454555087285449
0.21926665628367248
-1.5262821062346317
3.7923214872421385
-6.530459600518353
-3.9871227213051714
1.7773314472974953
-4.774853333664623
2.6113478640168504
-5.025850611398235
-4.58669339386157
-0.13954254157833512
-5.872386343445132
-1.5648689317001196
-1.5679949404443811
-10.20216259032777
-1.0236260207779735
-5.77077019180043
-8.664776506171412
-2.7549925871384704
5.82436226453108
2.773498254392754
1.968025998515106
-2.7556959859802332
1.1724615642523313
-2.539852234590968
-4.7782618038367435
0.8964185297158291
-4.578405926549996
-4.0239743848796365
-0.7476259044820481
-6.72547860444313
-7.127708248244228
1.9220519609717401
14.94922777284164
-4.226092426368108
0.6959491570772136
-7.795404927732047
-5.970935693820108
-2.263308284109897
-7.720368335291727
1.9291725325072635
-6.73234303321335
-0.952339290157532
-1.306613186518353
