0.750454836292302
1.453359983499346
1.9467541652467266
1.309871655844417
0.3443153840257799
3.1307352364779097
2.002081142373082
5.69825087481412
1.9934488878699652
1.985856066441049
1.760273386208158
2.07457468244304
7.358058540159382
2.4248531567925733
0.2020751364124761
4.990918762076523
5.377153642095368
9.417437145294985
0.7390572845392791
0.5417543582032557
2.02840489903767
2.717075936959568
1.2143184158223717
2.1379744634011257
1.8734668275981288
1.769843584127953
2.148654233990551
4.273740334844189
0.22085645488700628
0.6140924705428932
3.8670318473180134
2.2097751234338756
9.70844833073553
3.6046636881265117
2.108938776094852
3.063452733405435
0.9738267579437497
2.6673900250311426
1.2754025254579373
0.8435212747036388
0.001657373872930414
3.5059960244755897
7.9471612628233075
4.643220553717513
0.8103320055557548
1.2384917981189152
1.9425690293808167
3.9968723992030863
0.25350494916860017
0.7723736868105765
2.429055060384128
3.0738431109351247
0.8153027520192091
3.8373119035283696
3.6283914098942915
6.279849973479801
6.314256154804908
0.8848443668541893
3.3967946851948425
4.545050781125415
0.009112562568207057
1.871902334730968
4.232784408234259
2.2547483286740695
2.2596153142892104
1.029904156336272
0.07814502837575778
2.0948654644674396
2.2033442027324597
8.83245865331782
0.4409643919876423
0.41011938155669714
3.410804218264523
0.8413775280453976
0.20889859271819206
3.05880335598633
0.8822959462399816
1.8509156689821393
5.288200278089716
0.06736542782565716
1.6910317781826971
0.7145087962320353
1.5276204294538474
3.33285674638287
8.737703507783053
0.24720542556880995
3.1080208496794253
1.5149636915610776
4.139350339614166
1.3254677729373978
11.184406257356857
8.342399415319898
0.38163147808761566
1.453365024339127
5.201103438871685
6.09457991459718
0.3430877780739424
2.8696307174591777
2.5649674559601214
0.2485411296335073
0.5887423161170969
1.7793130857869626
1.7151129341109361
0.7113117812857765
0.6526090387311296
1.210165154955088
3.4461425665577763
0.5118165806549364
0.9397422066808652
9.207164382027226
0.24539495265917732
3.448313336202143
0.4723125583520635
1.0748281801963397
1.822231741113878
1.6961761500929065
0.47591118287330875
1.243724897142954
0.14725850685089115
0.08255807906107808
0.7074484423641191
0.578135766598473
1.8559928510380412
0.704170645752996
1.7583859619525106
0.014330442846314394
1.9438119981170063
0.45159856877641774
