56.2973139589284
61.250885391858795
54.8837377668951
62.01886124421743
60.86742365614717
60.086655681744524
59.73550292371732
57.627462690454465
60.85080920388263
59.103997934939535
61.576263122174836
59.1489687141663
61.70635220032313
57.43486151981934
61.433638789447976
58.820817695067696
57.037825391681324
58.3109954136268
57.161481798928385
64.13537097703559
58.40010492575596
58.56558269870894
57.262099479451564
58.628840057025926
62.083736751241354
60.75305038966673
58.75555001474728
61.810970793876635
63.973494575089354
57.22862091138009
59.5820897823813
58.13942012265973
59.63684377699071
60.0721905998374
59.84059589076101
60.404334287531555
59.732010550580256
59.57032471396351
56.50230282437471
60.67116649766286
57.617940003335335
56.66961257539354
62.24146922610924
55.513062740686564
61.476256228205614
55.878894806413584
57.803391226365505
57.54421251144181
57.24402690819022
60.893879490946254
60.97799960418961
62.056148129054776
62.945621242552356
57.37077274049665
56.18423548041926
59.320079557310414
61.66454328052979
61.93141458121329
59.26583432405128
62.315933185963225
61.41715917512037
60.69841979490698
59.12264567315982
61.970985320285706
58.97997107437978
59.540190127302374
61.640741882190795
60.99711053795822
61.330214037876225
59.821252385491654
59.56979716029736
62.714434989522246
63.61904514634866
55.50234595527341
64.15058127640825
62.42522322197809
58.6848937349316
60.67177557684703
60.98268854657164
60.83034492615857
64.45905825175538
60.628133131606226
55.78455220919994
59.45416291226329
57.137824104413
58.492073331760224
57.33701551854926
54.95587152200726
61.3201503596886
63.42680626522644
58.23575589843183
56.56712655266334
66.02373938428612
58.614789347621205
58.86053522008499
60.031885255621816
58.0893134236671
61.83296075375227
58.66991236091352
57.28102465469244
