52.66249038227784
57.921414896705116
64.97750190576566
61.68758604421821
50.82995762271264
66.1783923607626
51.50901768626634
77.66029676596231
59.20533604811964
63.997510954114134
78.07114570321731
54.43958131167504
78.7876708859656
54.90103968334917
52.10905908563517
56.27507761272568
65.24324943713982
67.68117852097065
69.13698731202427
53.269835974148044
57.04985763298865
78.67915035528515
62.00425256087205
75.23310510515967
67.19157135959608
75.81172242705334
73.07833407014901
67.84440666243063
74.66382693748665
66.85677859646836
78.48937616681556
70.78720410739015
58.65639569528681
64.55445638543966
73.3297501159656
76.65427545935842
76.18417854907356
69.35317239312346
55.60729478555495
68.28482325287696
55.09475504310495
70.16538484794724
78.6613848992635
77.51697756577306
54.31368989836675
77.11461083811342
71.62377561068533
66.67248865366174
71.30131824313254
57.89900886711993
70.15151734379452
57.672473092837166
69.83501282698768
78.58498328318123
62.430610565570866
52.6433203728642
51.23481182764195
52.47164281731371
56.556045355142246
62.84571237655374
69.85440846234363
63.03364492360882
67.27514051182531
73.98677327909343
61.58337133489464
59.30321105821001
56.12526057825578
76.5151846114535
52.2564134671662
66.60990179540175
73.64363743949403
48.85655450746156
49.188247486976834
73.49578639884436
49.060277802754456
54.31611497564454
66.08878837043986
56.4489877272048
54.01508713547554
73.97119017454656
59.90173326899218
70.81486362052979
49.010610186388135
54.0760362116197
61.44665573029196
67.01433727033972
68.33095909831478
55.77324894604831
77.22622440369955
71.76119905729982
49.07352185076974
48.73793233836488
68.40087824861202
65.92109245300152
49.039323224459885
75.77274044935461
58.7437181127455
63.656767588972336
57.1237063621567
73.15150440001241
